P3
32 18
255
0 0 1 0 0 1 0 0 1 0 0 0 0 0 1 0 0 15 0 0 22 0 0 14 0 0 17 0 0 12 6 9 22 18 29 59 0 0 11 1 0 12 1 0 15 1 0 18 1 0 26 0 0 48 0 0 79 0 0 87 0 0 82 1 3 107 3 9 124 0 2 96 0 0 51 1 0 23 1 0 9 1 0 4 1 0 2 1 0 1 2 0 1 2 0 0
0 0 1 0 0 1 0 0 1 0 0 1 0 0 1 0 0 3 0 0 10 0 1 54 0 0 71 0 0 43 5 8 22 18 28 60 1 0 13 1 0 11 1 0 14 1 0 16 1 0 20 1 0 27 1 0 39 0 0 56 1 4 110 42 72 197 89 136 228 28 55 183 0 1 88 1 0 34 2 0 13 2 0 5 6 0 2 12 0 0 10 0 0 8 0 0
2 1 2 2 1 2 1 1 2 0 0 1 0 0 2 0 0 4 3 4 23 47 67 151 8 14 127 0 0 53 5 8 23 17 27 60 1 0 13 1 0 11 1 0 13 2 0 14 2 0 17 2 0 20 2 0 28 1 0 51 4 9 128 85 129 228 142 195 247 43 78 202 0 2 96 1 0 35 2 0 13 2 0 5 14 1 2 31 1 0 26 1 0 20 1 0
3 2 2 4 3 3 2 2 2 0 0 1 0 0 2 0 0 5 3 3 26 57 76 158 12 19 134 0 0 52 5 7 22 16 26 59 1 0 12 2 0 10 2 0 11 3 0 12 3 0 14 4 0 17 4 0 22 3 0 39 1 1 84 12 24 150 21 40 168 4 10 122 1 0 60 2 0 25 3 0 10 3 0 4 29 4 2 58 6 1 40 2 0 28 1 0
3 2 2 4 3 3 2 1 2 0 0 1 0 0 1 0 0 3 0 0 9 0 1 55 0 0 73 0 0 48 4 6 30 15 24 58 1 0 10 2 0 9 3 0 10 5 0 10 6 0 11 6 0 13 6 0 17 5 0 25 4 0 42 3 0 57 2 0 61 3 0 47 3 0 27 3 0 14 3 0 6 4 0 5 75 24 10 121 29 5 64 7 1 38 2 0
4 3 3 3 2 3 2 1 2 0 0 1 0 0 1 0 0 1 0 0 3 0 0 25 0 0 44 0 0 33 3 5 25 14 22 56 2 0 9 3 0 7 12 6 16 38 24 35 44 25 30 21 6 14 11 0 12 9 0 14 7 0 19 7 0 22 6 0 22 5 0 18 4 0 12 3 0 7 4 0 4 6 0 8 117 59 19 200 90 27 108 31 8 48 4 1
4 3 3 3 2 2 2 2 2 0 0 0 0 0 1 0 0 1 0 0 1 0 0 14 0 0 27 1 0 17 5 4 14 15 20 54 5 0 7 29 21 33 145 110 106 221 172 111 225 184 100 167 131 68 50 25 19 14 1 9 10 0 10 9 0 10 8 0 9 5 0 7 6 0 5 18 1 4 8 0 3 7 0 5 102 38 11 199 103 40 119 43 14 47 4 1
3 2 2 3 2 2 3 2 2 0 0 0 0 0 0 0 0 1 0 0 1 0 0 8 1 0 15 8 0 11 24 4 13 44 19 53 45 7 15 138 92 92 245 177 90 255 212 96 255 225 114 253 226 117 170 135 63 29 7 9 12 0 6 9 0 5 7 0 5 5 0 4 7 0 3 21 1 3 8 0 2 6 0 2 52 9 2 85 16 2 57 7 1 34 2 0
3 2 2 4 2 2 3 2 2 0 0 0 0 0 0 0 0 0 0 0 0 0 0 4 4 0 8 24 0 6 53 5 12 92 25 53 122 32 28 204 116 66 252 183 73 255 213 95 255 227 115 255 231 121 229 196 91 56 28 14 13 0 4 8 0 4 7 0 3 5 0 3 4 0 2 4 0 2 4 0 1 4 0 1 27 2 1 43 3 1 33 1 0 24 1 0
3 2 2 3 2 3 3 2 2 0 0 0 0 0 0 0 0 0 0 0 0 0 0 2 8 0 4 35 1 4 73 7 12 125 33 51 168 48 21 218 107 42 252 172 62 255 205 81 255 220 98 255 225 103 228 189 75 54 27 11 11 0 3 7 0 3 5 0 3 4 0 2 3 0 2 3 0 1 3 0 1 3 0 1 17 0 0 27 1 0 22 1 0 17 0 0
1 1 6 1 1 20 1 1 35 0 1 36 1 1 21 5 1 3 1 0 0 0 0 1 7 0 3 35 1 4 74 7 9 124 25 23 171 46 20 197 73 29 226 121 46 252 171 54 255 195 64 253 199 66 168 119 51 23 6 4 13 5 7 9 4 6 4 0 2 3 0 1 3 0 1 2 0 1 2 0 1 2 0 0 13 0 0 19 1 0 15 0 0 12 0 0
2 2 14 2 2 19 2 2 36 1 4 59 2 7 75 6 2 14 2 0 0 0 0 1 3 0 1 31 22 49 76 57 114 110 57 93 139 55 72 147 46 46 140 41 24 156 65 20 186 98 24 154 85 19 43 19 9 9 1 4 66 63 64 68 65 66 5 2 3 2 0 1 2 0 1 2 0 1 2 0 1 2 0 0 10 0 0 15 1 0 12 0 0 10 0 0
6 18 112 11 25 117 16 28 115 12 26 107 3 20 93 1 4 20 0 0 0 0 0 1 0 0 1 26 35 63 72 93 159 85 82 155 89 49 103 86 24 53 68 9 21 36 3 11 18 3 7 13 1 6 9 0 3 11 3 5 89 85 86 96 94 96 17 15 19 9 8 9 1 0 1 1 0 0 1 0 0 1 0 0 9 0 0 13 1 0 12 1 0 10 0 0
41 33 110 46 39 119 42 40 119 32 37 113 7 23 82 0 4 16 0 0 0 0 0 0 0 0 1 2 1 5 8 3 12 19 2 31 30 2 44 33 2 33 25 1 12 15 0 2 12 0 1 14 0 1 14 0 1 12 0 0 48 42 42 51 49 53 8 7 21 5 4 8 1 0 0 1 0 0 1 0 0 1 0 0 6 0 0 9 0 0 9 0 0 8 0 0
31 14 10 16 7 7 5 2 4 1 1 2 0 0 1 0 0 1 0 0 1 0 0 2 0 0 3 0 0 5 0 0 8 2 0 4 5 0 2 6 0 4 7 0 1 10 0 0 13 0 0 15 0 0 13 0 0 9 0 0 14 10 10 15 13 15 8 7 10 5 4 5 1 0 1 1 0 0 1 0 0 1 0 0 4 0 0 5 0 0 4 0 0 4 0 0
0 0 0 0 0 1 0 0 1 0 0 1 0 0 1 0 0 2 0 0 3 0 0 3 0 0 4 0 0 5 0 0 7 0 0 3 1 0 0 1 0 0 3 0 0 4 0 0 6 0 0 7 0 0 7 0 0 6 0 0 4 0 0 3 0 1 2 0 1 2 0 1 2 0 1 1 0 0 1 0 0 1 0 0 3 0 0 3 0 0 3 0 0 2 0 0
0 0 0 0 0 0 0 0 1 0 0 1 0 0 1 0 0 2 0 0 2 0 0 3 0 0 5 0 0 8 0 0 11 0 0 5 1 0 0 1 0 0 2 0 0 3 0 0 4 0 0 5 0 0 5 0 0 4 0 0 3 0 0 4 0 0 4 0 0 3 0 0 3 0 0 3 0 0 2 0 0 2 0 0 3 0 0 2 0 0 2 0 0 2 0 0
0 0 0 0 0 0 0 0 1 0 0 1 0 0 1 0 0 1 1 0 2 1 0 4 1 0 9 1 0 16 1 0 22 1 0 8 1 0 0 1 0 0 1 0 0 2 0 0 3 0 0 4 0 0 4 0 0 5 0 0 5 0 0 5 0 0 5 0 0 5 0 0 5 0 0 4 0 0 4 0 0 3 0 0 2 0 0 2 0 0 1 0 0 1 0 0
