P3
32 18
255
0 0 0 0 0 0 0 0 0 0 0 0 0 0 0 0 0 1 0 0 1 0 0 1 0 0 1 0 0 1 0 0 1 0 0 1 0 0 2 0 0 1 0 0 1 0 0 2 0 0 2 0 0 1 0 0 1 0 0 1 0 0 1 0 0 1 0 0 1 0 0 1 0 0 1 0 0 1 0 0 0 0 0 0 0 0 0 0 0 0 0 0 0 0 0 0
0 0 0 0 0 0 0 0 0 0 0 0 0 0 1 0 0 1 0 0 2 1 0 3 1 0 3 1 0 2 1 0 3 1 0 4 1 0 4 1 0 3 1 0 3 1 0 4 1 0 4 1 0 3 1 0 3 1 0 3 1 0 4 1 0 3 1 0 2 1 0 2 1 0 2 0 0 1 0 0 1 0 0 0 0 0 0 0 0 0 0 0 0 0 0 0
0 0 0 0 0 0 0 0 0 0 0 0 0 0 1 0 0 2 2 0 6 5 1 13 2 0 9 1 0 6 2 0 9 7 2 17 4 1 13 2 0 7 2 0 7 6 1 15 6 1 15 2 0 8 2 0 7 4 1 12 7 2 16 2 0 8 1 0 6 2 0 8 5 1 12 2 0 5 0 0 2 0 0 1 0 0 0 0 0 0 0 0 0 0 0 0
0 0 0 1 0 3 4 0 13 3 0 15 3 0 17 8 0 27 36 11 67 112 77 142 49 18 91 18 0 68 29 4 86 108 73 145 69 36 110 20 1 61 24 1 65 92 56 130 93 56 131 25 1 70 21 1 68 69 35 114 108 73 145 30 4 82 20 0 68 49 18 94 112 76 142 37 11 73 8 0 35 3 0 25 3 0 21 4 0 18 1 0 4 0 0 0
0 0 0 10 3 19 55 15 95 22 2 51 4 0 22 6 0 22 17 4 38 43 24 66 28 8 58 21 1 60 26 3 69 53 27 94 45 15 89 27 1 70 25 1 70 61 24 106 61 24 106 25 1 70 27 2 70 45 15 88 53 27 92 26 3 67 21 1 58 28 8 56 42 24 63 17 4 37 6 0 21 5 0 23 22 2 53 56 15 97 10 3 21 0 0 0
0 0 0 12 3 20 66 20 109 27 3 61 11 0 34 8 0 21 3 0 9 4 0 14 5 0 17 16 1 33 20 2 38 11 1 35 27 1 54 29 2 53 7 0 24 28 3 48 28 3 47 7 0 22 28 2 50 27 2 50 10 0 28 17 1 32 15 1 30 5 0 14 5 0 15 3 0 16 8 1 28 11 1 42 27 3 65 66 20 111 12 3 22 0 0 0
0 0 0 0 0 4 6 0 24 6 0 29 11 0 35 9 0 27 7 0 23 9 1 34 12 1 41 19 1 57 23 2 72 23 3 83 17 1 72 16 0 64 9 0 41 21 3 53 21 3 53 9 0 33 16 0 55 18 0 61 18 1 59 16 1 49 19 2 72 13 1 87 14 0 86 12 1 74 10 1 49 12 1 57 6 0 40 6 0 28 0 0 6 0 0 0
0 0 0 0 0 5 1 0 15 2 0 19 10 0 31 9 0 25 6 0 22 6 1 32 6 1 37 8 0 50 7 0 73 16 2 118 9 1 114 21 6 97 20 4 69 18 1 64 20 1 73 23 2 67 12 1 63 11 0 76 23 2 89 10 0 54 6 0 120 10 0 149 12 0 120 11 1 96 11 1 61 11 1 60 2 0 37 1 0 20 0 0 6 0 0 0
0 0 0 0 0 10 1 0 25 2 0 22 9 0 30 9 0 28 7 0 23 10 1 41 11 1 49 11 0 64 13 1 100 31 5 164 25 1 172 31 9 128 17 2 72 10 0 64 14 1 77 28 4 98 16 2 81 15 1 102 29 3 120 14 0 63 9 0 110 12 1 135 14 1 113 10 1 82 11 1 57 10 1 46 2 0 35 1 0 24 0 0 7 0 0 0
0 0 0 0 0 8 0 0 18 1 0 16 8 0 27 9 0 27 9 0 27 12 1 41 14 1 57 14 4 89 55 38 160 42 12 153 28 1 141 15 1 87 20 2 77 10 0 61 10 0 68 21 1 88 18 1 83 33 8 117 43 7 131 29 2 95 16 1 75 15 1 70 13 1 54 9 0 36 9 0 31 9 0 26 1 0 16 0 0 13 0 0 4 0 0 0
0 0 0 0 0 3 0 0 5 0 0 5 8 0 20 12 0 27 9 0 22 10 0 26 10 1 34 13 3 56 33 22 99 17 5 69 14 1 55 15 1 45 17 2 46 18 2 50 18 2 52 17 2 55 17 1 62 18 1 70 26 2 83 25 2 81 16 1 66 11 1 49 10 0 37 9 0 30 12 0 31 8 0 19 0 0 6 0 0 7 0 0 2 0 0 0
0 0 0 0 0 0 0 0 0 0 0 4 8 0 19 9 0 19 2 0 6 3 0 10 2 0 16 3 1 28 4 1 32 4 1 29 4 1 25 4 1 23 4 1 23 4 1 24 4 1 24 4 1 24 4 1 26 4 0 29 4 0 33 3 0 32 3 0 26 2 0 17 4 0 14 3 0 9 8 0 19 8 0 18 0 0 5 0 0 5 0 0 1 0 0 0
0 0 0 0 0 0 0 0 1 1 0 7 8 0 20 17 1 34 22 3 43 27 4 53 7 1 24 8 2 32 5 1 29 5 1 29 12 4 37 9 2 31 4 1 25 12 4 35 12 4 36 5 1 27 9 2 34 13 3 41 5 1 34 5 1 34 8 1 35 7 1 28 27 4 56 22 3 44 17 1 36 9 0 20 1 0 9 0 0 5 0 0 1 0 0 0
0 0 0 0 0 0 0 0 2 3 0 15 14 1 31 33 2 59 27 6 48 31 6 57 6 1 22 8 2 29 5 1 26 5 1 26 13 4 36 9 2 30 4 1 24 12 4 35 12 4 36 4 1 26 9 2 32 13 4 38 5 1 29 5 1 29 8 2 32 6 1 25 31 7 59 27 6 49 32 2 59 11 0 25 2 0 15 0 0 5 0 0 1 0 0 0
0 0 0 0 0 0 0 0 2 1 0 4 2 0 7 7 0 16 2 0 4 2 0 6 1 0 9 3 1 17 3 1 19 3 1 18 4 1 20 4 1 22 6 1 29 10 1 41 10 1 42 6 1 30 5 1 25 4 1 23 4 1 23 4 1 24 4 1 21 2 0 14 2 0 9 2 0 7 7 0 18 2 0 8 1 0 6 0 0 3 0 0 1 0 0 0
0 0 0 0 0 0 0 0 1 0 0 1 0 0 3 1 0 5 0 0 3 0 0 4 1 0 7 2 0 15 3 0 24 5 0 29 8 0 39 17 0 59 36 1 96 80 25 144 81 26 147 39 1 106 22 0 80 17 0 71 16 0 70 14 0 68 12 0 60 9 0 51 7 0 43 5 0 36 4 0 28 2 0 22 1 0 16 0 0 7 0 0 1 0 0 0
0 0 0 0 0 0 0 0 0 0 0 0 0 0 1 0 0 1 0 0 1 0 0 2 0 0 3 1 0 5 1 0 8 1 0 10 1 0 12 3 0 17 6 0 27 17 8 43 18 8 46 9 0 40 8 0 41 9 0 46 10 0 51 10 0 51 8 0 46 7 0 39 5 0 33 4 0 27 2 0 21 1 0 16 1 0 13 1 0 8 0 0 2 0 0 0
0 0 0 0 0 0 0 0 0 0 0 0 0 0 0 0 0 0 0 0 0 0 0 0 0 0 0 0 0 0 0 0 0 0 0 0 0 0 0 0 0 0 0 0 0 0 0 1 0 0 1 0 0 0 0 0 0 0 0 0 0 0 0 0 0 0 0 0 0 0 0 0 0 0 0 0 0 0 0 0 0 0 0 0 0 0 0 0 0 0 0 0 0 0 0 0
