P3
32 18
255
246 200 176 251 211 196 254 214 191 255 218 186 255 221 181 255 223 176 255 224 171 255 225 165 255 225 158 254 219 146 245 192 122 239 179 107 233 167 94 225 153 81 215 137 67 201 121 54 183 103 42 163 87 31 142 71 22 121 58 16 98 44 10 28 11 2 14 23 79 34 66 200 37 77 208 140 143 168 255 208 88 243 176 61 66 43 18 8 12 21 8 12 21 8 12 20
244 195 171 251 207 194 254 211 188 255 215 183 255 219 178 255 223 174 255 225 170 255 227 165 255 227 158 254 221 147 243 188 119 237 174 104 230 162 92 222 149 78 211 133 65 197 117 53 180 100 41 161 85 30 140 70 22 120 57 15 97 43 10 28 10 2 14 22 79 33 63 198 36 73 205 144 150 177 255 223 106 242 185 64 64 42 17 6 10 19 6 10 19 6 9 18
242 189 164 249 202 190 254 207 184 255 212 179 255 217 174 255 222 171 255 225 167 255 228 163 255 228 157 253 222 146 240 183 115 233 168 100 226 156 87 218 143 75 207 127 62 192 112 50 175 96 38 156 81 28 136 67 20 117 55 14 95 42 10 28 10 2 14 20 79 31 56 194 33 66 201 147 158 198 255 239 147 241 196 74 61 42 17 6 10 20 6 10 19 6 9 18
239 181 156 248 196 185 253 202 179 255 208 174 255 214 169 255 220 166 255 224 163 255 227 160 255 228 155 253 221 143 236 177 110 228 159 95 221 148 83 212 134 70 188 111 55 166 96 45 149 83 35 122 61 21 116 55 15 113 52 13 92 40 9 27 9 2 12 17 78 24 48 188 27 56 195 149 161 216 255 248 186 240 203 85 58 42 17 6 10 20 6 10 20 6 9 19
234 173 147 245 188 179 252 195 173 255 202 168 255 209 163 255 216 160 255 221 157 255 225 154 255 226 149 253 219 138 232 168 105 222 150 89 217 142 80 221 160 93 225 190 115 229 208 124 225 206 120 190 168 98 136 95 46 110 52 14 89 38 8 27 9 2 10 14 76 17 39 180 21 46 187 150 159 216 255 249 191 238 201 83 57 41 16 11 14 21 11 13 21 10 12 20
229 162 137 241 179 172 250 187 166 255 195 160 255 203 156 255 210 152 255 216 148 255 220 145 255 222 140 252 214 129 226 159 98 217 143 85 232 183 121 252 235 163 255 245 155 255 246 149 255 246 148 255 247 160 244 232 151 173 137 80 90 42 12 28 8 2 9 10 73 13 28 170 17 35 176 150 153 192 255 241 153 236 190 66 59 40 15 28 25 23 27 25 23 26 24 22
222 151 126 235 168 163 245 176 157 253 185 152 255 193 147 255 201 142 255 207 138 255 212 134 255 214 128 251 206 117 220 148 90 222 162 105 252 235 195 255 245 209 255 245 165 255 246 150 255 246 148 255 248 161 255 252 205 245 237 186 132 97 68 29 8 2 9 7 69 10 17 157 14 22 163 150 139 151 255 222 97 234 171 47 56 36 14 29 26 23 29 26 23 28 25 22
213 138 115 227 154 153 239 163 148 248 173 143 254 182 137 255 189 132 255 196 127 255 200 121 255 202 115 251 195 105 213 139 83 236 199 142 255 245 219 255 246 219 255 245 164 255 246 148 255 246 146 255 248 157 255 252 201 255 252 194 193 175 138 34 13 6 10 6 64 7 12 143 11 13 148 151 121 112 255 195 57 231 148 36 52 31 13 29 26 23 29 26 23 28 25 22
203 125 104 217 139 142 229 148 137 240 158 132 249 167 128 254 175 123 255 181 116 255 186 110 255 188 104 250 181 94 207 134 80 242 217 151 255 244 177 255 245 169 255 245 152 255 246 146 255 246 145 255 246 147 255 248 154 255 247 154 219 205 129 45 24 12 12 4 58 8 8 127 10 10 132 152 105 89 255 166 42 224 124 31 48 27 13 29 25 22 28 25 22 28 25 22
190 112 92 203 123 131 216 132 126 229 141 122 240 150 117 248 158 112 253 164 106 254 169 101 255 171 94 249 164 85 196 121 72 240 215 141 255 245 156 255 245 151 255 246 147 255 246 144 255 246 144 255 246 145 255 246 146 255 246 147 218 202 119 45 24 11 13 2 51 9 3 111 11 4 114 152 88 75 249 140 36 210 103 26 44 23 12 30 26 23 28 25 22 27 23 20
175 98 81 186 107 119 200 115 115 214 123 110 226 131 105 235 138 101 242 144 96 247 149 90 250 151 84 244 145 76 179 101 60 221 187 116 255 245 153 255 245 147 255 246 144 255 246 143 255 246 143 255 246 144 255 246 145 255 246 146 187 166 96 35 12 4 14 3 45 9 3 94 12 4 97 148 75 63 235 117 31 193 86 21 39 20 11 30 26 23 30 26 23 28 24 21
160 86 70 166 91 107 179 97 102 194 104 98 207 111 94 218 117 90 227 123 84 232 127 79 236 129 74 230 124 66 161 84 50 173 120 69 247 232 138 255 245 144 255 245 142 255 245 142 255 246 142 255 246 142 255 246 143 242 229 131 113 82 39 26 6 1 13 2 38 9 2 78 13 3 80 140 64 51 218 98 25 180 75 18 66 34 17 68 42 28 68 43 28 66 42 28
143 74 60 145 76 95 157 82 91 170 87 87 184 92 83 196 98 78 205 102 74 213 105 69 217 106 63 212 103 56 144 71 43 127 65 39 184 142 89 248 232 144 255 245 144 255 245 142 255 245 142 255 245 142 249 235 133 164 133 67 79 42 15 43 23 10 15 5 33 9 1 63 13 1 64 131 55 41 200 83 20 187 81 24 185 116 56 180 114 56 175 109 54 173 109 54
128 64 51 125 64 84 134 67 80 145 71 76 158 75 72 169 79 68 179 83 63 187 85 58 192 86 53 187 83 52 134 67 89 133 66 122 149 73 137 191 123 155 218 181 125 236 211 114 240 214 113 251 208 98 249 186 67 221 157 44 226 176 66 217 177 89 100 77 68 9 2 49 12 2 50 120 47 31 180 70 16 183 86 31 239 185 106 242 189 106 239 186 101 243 194 105
114 55 43 106 52 73 113 55 70 122 58 66 131 61 62 139 62 57 144 62 51 143 60 44 138 55 37 118 49 52 70 47 159 91 58 177 126 71 174 162 88 167 185 103 132 200 120 94 208 124 71 233 148 60 245 176 58 243 183 60 234 183 67 210 154 65 70 45 40 7 1 36 10 1 36 106 38 22 155 54 11 158 74 31 216 183 125 239 213 150 249 231 166 254 239 169
97 45 34 75 35 57 72 33 51 67 29 43 61 24 35 55 20 28 50 15 23 46 12 19 45 9 16 39 9 37 7 11 135 7 11 142 20 15 132 35 21 110 49 28 73 58 32 42 69 36 37 111 60 36 148 82 35 163 91 32 155 82 26 149 68 19 44 16 13 10 2 19 11 1 22 85 27 13 114 35 5 87 25 6 57 29 19 75 51 38 99 78 59 129 109 82
68 30 21 16 5 31 14 3 27 16 2 25 21 3 25 27 4 24 33 5 24 40 7 23 46 8 23 44 9 40 7 7 123 0 3 125 0 1 110 0 1 82 3 1 35 7 1 2 19 4 1 67 27 6 113 53 14 134 66 19 132 64 18 135 56 14 62 16 6 37 5 4 37 5 5 56 11 3 61 12 2 53 9 1 39 5 1 36 5 1 32 4 1 29 4 1
61 26 20 11 2 35 14 2 32 19 3 31 25 4 30 32 5 30 39 6 29 46 7 28 53 9 28 49 10 42 7 3 112 0 1 111 0 2 98 0 1 73 2 1 30 5 1 2 14 3 1 57 22 5 100 45 11 120 57 15 117 54 14 119 47 11 62 15 5 46 7 4 49 8 4 61 12 3 66 14 2 60 12 2 45 7 2 40 6 2 36 5 1 32 5 1
